R 20
r 1 t 21 21 20 20 23 21 19 23 17 19 18 21 16 16 23 17 16 20 
r 2 t 15 10 15 12 15 11 15 13 11 14 10 13 15 15 10 10 
r 3 t 25 20 22 18 25 23 18 26 23 21 24 26 20 18 24 24 18 21 
r 4 t 12 15 12 14 15 16 12 15 14 11 12 15 16 15 12 12 16 12 11 16 11 11 13 13 13 
r 5 t 8 10 7 7 8 10 8 8 9 6 8 7 8 9 6 8 8 9 
r 6 t 13 9 11 12 10 10 11 10 9 9 9 10 12 11 9 11 10 9 11 12 11 9 11 13 8 
r 7 t 9 8 11 10 11 11 9 8 9 10 8 9 8 11 10 10 10 
r 8 t 8 10 10 10 11 8 11 10 11 10 10 10 9 10 7 10 10 11 
r 9 t 5 5 6 7 6 7 7 5 6 5 7 6 7 7 7 6 6 7 7 6 6 6 5 
r 10 t 10 12 12 10 13 12 12 11 11 12 10 10 11 11 10 
r 11 t 17 15 12 15 16 17 13 14 14 15 13 14 17 12 17 15 
r 12 t 12 16 15 16 14 13 12 12 11 15 10 11 11 12 15 15 15 10 15 
r 13 t 16 12 14 12 15 17 17 15 13 17 15 15 17 12 17 16 12 17 13 15 
r 14 t 11 15 14 14 11 12 13 13 15 14 15 15 11 15 12 14 14 12 11 14 13 
r 15 t 17 17 16 12 16 14 16 12 12 13 12 12 12 12 14 14 15 13 16 16 16 16 14 16 17 
r 16 t 10 9 10 8 8 10 10 8 7 9 8 10 9 9 9 9 7 7 9 8 8 9 9 9 
r 17 t 26 27 22 23 20 26 29 19 26 29 21 20 23 27 22 25 22 20 
r 18 t 18 16 20 14 14 14 13 14 20 20 14 18 16 20 15 
r 19 t 20 21 18 27 23 25 18 19 22 22 27 24 18 23 18 22 
r 20 t 18 25 19 25 24 25 25 21 24 20 25 18 20 19 19 21 23 