R 15
r 1 t 12 16 15 15 11 13 11 11 14 15 14 11 11 12 16 16 11 16 12 15 11 14 15 11 11 
r 2 t 13 13 13 11 14 11 12 14 13 14 14 14 14 11 12 10 14 10 10 15 12 12 11 15 
r 3 t 14 13 15 17 14 17 17 17 17 20 16 19 19 15 17 17 16 18 17 14 
r 4 t 11 13 13 12 15 15 10 15 12 15 11 14 15 10 13 10 10 15 15 15 
r 5 t 11 11 10 13 14 13 14 10 13 14 14 15 13 12 14 14 14 15 11 11 13 14 15 15 13 13 12 
r 6 t 9 9 9 9 10 8 8 7 11 10 9 11 9 9 10 9 10 11 10 11 8 8 8 10 8 10 8 10 8 8 
r 7 t 11 8 10 12 8 8 9 9 9 9 11 8 13 11 12 10 11 10 13 13 11 10 10 10 11 11 13 10 
r 8 t 14 16 12 16 17 14 15 16 15 12 13 13 12 13 12 12 13 16 17 17 17 13 12 15 12 
r 9 t 10 11 14 14 14 13 10 11 14 11 10 13 12 12 11 9 10 12 14 13 13 12 14 9 
r 10 t 11 14 11 14 12 14 13 15 16 16 11 12 12 13 16 16 13 12 16 15 13 11 11 13 14 
r 11 t 14 14 17 18 15 18 19 16 18 19 16 18 20 17 18 19 13 14 14 17 20 
r 12 t 14 11 10 15 15 15 11 12 15 12 11 12 14 11 12 12 12 12 13 11 15 15 14 
r 13 t 9 8 11 9 11 8 9 10 9 9 9 8 11 9 8 11 9 8 8 9 9 9 10 9 10 8 
r 14 t 16 13 14 12 13 15 14 12 16 16 13 12 14 15 12 12 12 14 13 18 12 16 
r 15 t 9 12 12 13 9 12 12 12 12 11 9 10 12 11 12 12 10 9 10 10 9 11 12 12 10 