R 20
r 1 t 18 16 18 14 20 19 15 14 14 16 16 14 20 16 16 20 16 20 16 17 18 14 14 
r 2 t 27 26 21 27 22 19 26 19 18 27 23 19 20 20 22 27 25 21 19 
r 3 t 7 8 8 7 8 7 10 10 10 7 7 8 8 9 10 10 
r 4 t 10 11 8 10 7 10 9 9 9 10 9 11 8 9 8 11 8 8 7 8 9 9 8 8 10 
r 5 t 12 12 11 13 13 15 11 12 16 14 12 13 14 13 11 14 12 15 15 11 15 11 11 13 
r 6 t 20 18 16 19 23 23 23 20 23 21 16 18 16 21 22 20 21 21 20 20 17 
r 7 t 9 11 9 9 9 10 9 13 11 12 11 9 13 12 11 10 9 10 9 11 11 10 11 11 
r 8 t 10 12 12 10 10 11 12 10 12 11 8 12 9 9 12 11 9 11 10 9 10 9 
r 9 t 10 11 8 8 9 10 8 11 11 11 10 11 9 9 8 10 9 
r 10 t 22 21 26 21 26 28 24 23 27 20 23 26 20 26 29 21 29 22 26 
r 11 t 8 8 9 6 8 9 9 9 9 9 9 9 7 8 8 8 7 8 10 8 9 9 7 9 8 
r 12 t 19 19 17 19 19 16 16 23 17 16 21 16 19 18 23 22 21 23 23 17 17 17 17 16 17 
r 13 t 20 21 23 21 21 18 26 19 21 20 20 24 20 22 24 24 
r 14 t 13 13 13 18 15 15 18 13 14 16 18 12 15 15 13 14 12 16 13 
r 15 t 19 16 14 13 15 18 18 15 14 18 13 16 15 17 15 19 17 18 14 18 18 15 17 17 
r 16 t 18 19 23 20 19 23 22 17 19 20 20 19 16 23 17 
r 17 t 19 19 16 16 20 17 19 22 15 15 20 21 17 22 22 19 16 17 19 19 17 19 18 19 19 
r 18 t 17 21 23 23 23 19 23 19 19 22 23 20 16 20 16 16 16 21 19 19 19 19 23 
r 19 t 13 15 11 15 13 14 15 10 10 11 14 14 12 12 10 13 15 15 13 
r 20 t 17 20 19 19 21 18 23 18 19 16 19 17 18 23 20 19 